0
118
13
-45
1
-51
-41
106
71
-90
-55
25
-11
36
87
-55
-117
34
72
-5
24
-1
-107
-16
122
28
-62
-7
-29
-43
90
84
-86
-74
34
7
20
79
-38
-124
22
91
-2
2
6
-92
-30
121
45
-75
-21
-9
-39
72
92
-77
-93
37
28
7
66
-22
-124
8
106
6
-21
7
-73
-41
114
62
-82
-38
8
-29
52
95
-64
-108
34
49
0
48
-7
-119
-8
116
18
-41
3
-52
-48
102
78
-84
-57
21
-14
34
92
-48
-120
27
70
-2
27
3
-108
-24
120
34
-58
-7
-31
-49
86
90
-79
-77
29
4
19
84
-31
-126
14
89
1
5
9
-93
-38
118
51
-70
-21
-11
-44
68
98
-70
-95
31
25
7
70
-15
-126
-1
103
10
-17
10
-74
-49
111
69
-77
-39
6
-33
49
101
-57
-110
28
47
0
51
-1
-120
-17
113
23
-37
5
-53
-54
98
84
-77
-59
18
-18
32
97
-41
-121
19
68
-1
30
9
-109
-33
117
39
-54
-6
-32
-54
82
96
-73
-79
25
1
17
88
-24
-127
7
87
4
8
14
-93
-46
114
57
-65
-21
-13
-49
64
104
-63
-97
26
23
6
73
-8
-127
-9
101
14
-14
13
-74
-56
106
75
-71
-39
3
-37
46
105
-49
-112
22
45
0
55
5
-120
-25
110
28
-33
0
121
3
-65
-2
-19
-6
95
16
-127
-20
100
14
-29
3
-55
-24
112
37
-118
-34
69
12
9
20
-81
-48
115
56
-96
-37
34
-2
41
45
-94
-71
103
65
-65
-27
0
-28
62
73
-93
-87
80
61
-33
-4
-26
-59
69
97
-78
-92
52
43
-6
28
-39
-89
63
111
-56
-82
26
13
12
64
-40
-113
46
112
-31
-58
6
-23
17
96
-28
-125
24
97
-11
-24
-3
-61
10
118
-9
-122
4
70
0
14
2
-92
-7
127
12
-104
-9
34
-2
51
17
-112
-29
121
28
-75
-11
-4
-15
80
40
-118
-48
101
34
-39
0
-38
-38
96
63
-109
-60
72
27
-4
22
-62
-66
98
81
-88
-59
39
7
24
52
-73
-90
86
88
-60
-44
9
-23
41
83
-69
-107
64
82
-31
-17
-12
-58
45
108
-54
-110
39
61
-9
18
-20
-91
36
123
-33
-99
17
29
3
55
-16
-115
18
123
-11
-74
3
-9
2
89
-1
-127
-3
108
5
-39
0
-47
-11
111
20
-124
-21
80
10
0
11
-78
-31
120
40
-106
-30
45
2
35
32
-97
-55
114
54
-78
-26
9
-18
62
58
-102
-74
94
56
-45
-10
-22
-46
75
83
-92
-84
67
45
-14
18
0
123
-10
-85
11
21
4
46
-30
-95
56
111
-68
-91
56
47
-20
5
-32
-45
82
63
-111
-57
106
35
-65
-10
0
-6
67
8
-115
1
127
-13
-99
15
42
-2
26
-24
-82
53
107
-71
-98
66
60
-35
-10
-16
-33
70
57
-108
-57
113
39
-82
-15
22
-2
48
6
-104
2
128
-15
-111
19
61
-9
6
-16
-66
48
101
-71
-101
74
71
-49
-25
1
-20
56
49
-101
-55
117
41
-96
-19
43
1
27
4
-90
3
124
-16
-120
23
78
-16
-15
-8
-49
41
91
-70
-102
80
80
-62
-38
18
-7
40
40
-92
-51
118
42
-108
-22
62
5
5
2
-73
4
117
-17
-125
27
93
-23
-35
1
-30
33
79
-66
-99
83
86
-73
-50
35
5
22
30
-79
-46
116
42
-117
-25
80
7
-17
1
-53
4
107
-18
-126
30
105
-29
-54
10
-11
24
65
-60
-94
84
90
-83
-60
51
18
4
20
-64
-40
109
40
-122
-26
96
9
-38
0
-33
4
93
-18
-123
32
114
-35
-71
19
9
13
49
-53
-86
83
91
-90
-68
66
29
-15
9
-47
-33
100
38
-124
-27
109
11
-58
-1
-11
3
77
-17
-117
33
120
-40
-85
29
28
2
32
-43
-75
79
89
-94
-74
79
40
-33
-2
-29
-25
87
34
-122
-26
118
11
0
124
-27
-97
39
53
-25
-8
-12
-20
60
24
-103
-5
125
-25
-119
49
87
-52
-44
29
5
15
13
-66
-7
106
-19
-121
49
109
-68
-74
63
33
-31
-3
-18
-5
69
-11
-104
41
113
-71
-94
84
59
-70
-22
32
1
20
-4
-69
28
98
-63
-100
90
76
-97
-41
75
11
-31
0
-22
13
67
-45
-88
82
83
-106
-56
106
23
-77
0
29
-1
23
-23
-61
61
75
-98
-62
118
33
-110
-4
76
-10
-26
0
-23
32
53
-75
-58
111
39
-125
-10
110
-15
-72
19
22
1
21
-41
-43
86
39
-119
-15
127
-14
-106
32
65
-27
-18
-3
-18
49
30
-94
-18
123
-10
-124
37
98
-48
-56
33
13
5
14
-55
-16
99
-4
-122
35
117
-58
-87
61
45
-38
-9
-7
-8
59
0
-100
27
117
-58
-105
77
72
-72
-33
40
5
10
1
-61
16
97
-48
-106
79
89
-93
-55
79
20
-41
-1
-12
6
60
-32
-90
69
92
-97
-70
105
36
-84
-8
40
-2
13
-14
-58
48
79
-86
-74
112
48
-112
-16
84
-5
-37
3
-14
22
52
-62
-65
101
53
-122
-24
115
-4
-82
16
33
-5
14
-30
-44
74
48
-112
-29
127
0
-114
23
76
-27
-28
5
-13
37
34
-84
-29
118
5
-128
24
108
-41
-68
35
23
-4
11
-43
0
112
-4
-8
-6
-103
20
117
-17
-24
-10
-89
38
117
-34
-38
-9
-73
53
112
-52
-48
-3
-55
65
102
-71
-54
7
-38
71
88
-89
-55
21
-22
73
71
-104
-51
37
-10
69
52
-116
-42
55
-1
61
33
-123
-28
71
3
49
15
-125
-11
86
1
34
-1
-122
8
97
-5
17
-13
-114
28
105
-16
1
-20
-102
47
107
-31
-14
-22
-87
63
104
-48
-27
-19
-69
77
96
-67
-35
-11
-51
86
83
-85
-38
1
-34
90
67
-101
-37
16
-19
89
48
-114
-30
33
-8
82
29
-124
-19
50
-2
72
10
-128
-3
65
0
58
-8
-127
15
78
-4
42
-22
-121
34
87
-12
25
-31
-110
53
92
-25
9
-36
-96
71
91
-40
-5
-36
-78
86
85
-58
-16
-30
-60
97
74
-76
-22
-20
-42
104
60
-93
-23
-7
-26
105
42
-108
-19
9
-12
101
22
-118
-10
26
-3
92
3
-125
3
42
2
79
-16
-126
20
56
1
64
-32
-122
38
67
-5
47
-44
-113
58
74
-15
30
-51
-100
76
75
-29
14
-53
-83
92
72
-45
2
-50
-65
105
63
-63
-7
-43
-46
114
50
-80
-11
-31
-28
117
34
-95
-10
-16
-13
115
15
-108
-4
0
0
115
-13
-29
-9
-71
55
107
-72
-61
25
-14
63
53
-118
-38
84
6
19
-1
-110
23
116
-30
-37
-7
-57
68
92
-91
-55
38
-5
60
33
-123
-18
94
-1
7
-12
-100
44
112
-48
-43
-2
-42
77
74
-106
-45
51
0
54
13
-124
4
101
-12
-4
-18
-87
63
103
-67
-44
6
-28
81
54
-118
-30
64
1
44
-4
-120
27
104
-25
-14
-21
-72
78
90
-85
-41
17
-16
81
33
-126
-13
75
-1
33
-18
-112
48
102
-41
-22
-20
-56
90
72
-101
-34
29
-7
76
11
-128
8
83
-8
21
-29
-99
69
95
-58
-26
-14
-40
96
52
-113
-23
41
-1
68
-8
-126
29
87
-18
10
-35
-84
86
83
-75
-27
-6
-25
98
31
-122
-8
52
0
57
-26
-118
51
87
-31
0
-37
-66
99
67
-91
-23
4
-12
96
8
-126
10
61
-2
45
-39
-107
71
83
-46
-8
-35
-48
108
48
-104
-15
16
-2
89
-13
-125
30
68
-8
32
-49
-91
90
74
-61
-12
-30
-31
112
27
-113
-4
27
4
78
-33
-119
51
70
-18
20
-55
-73
104
60
-76
-12
-21
-15
111
4
-119
11
37
5
66
-49
-109
71
68
-30
9
-56
-54
115
42
-89
-9
-10
-2
106
-18
-120
29
45
3
52
-62
-94
90
61
-44
1
-52
-34
121
22
-100
-1
0
118
-27
-48
4
-31
65
58
-118
-30
101
-3
-19
-10
-65
64
88
-102
-51
71
6
16
-7
-96
48
109
-74
-57
37
-2
49
12
-118
20
114
-42
-46
6
-24
70
41
-124
-10
103
-14
-21
-13
-56
76
73
-113
-35
77
1
14
-16
-89
65
97
-88
-47
43
0
48
-2
-115
40
108
-56
-42
10
-18
74
24
-127
10
102
-25
-22
-15
-47
85
55
-121
-18
80
-5
10
-24
-80
80
83
-100
-35
48
0
46
-16
-109
59
99
-69
-37
13
-12
75
6
-126
30
98
-37
-21
-15
-37
92
36
-126
0
81
-12
7
-30
-70
92
66
-109
-22
52
0
42
-29
-101
76
87
-81
-30
17
-6
75
-11
-122
49
92
-48
-20
-15
-27
96
17
-128
18
81
-19
4
-36
-58
102
48
-116
-8
54
-2
38
-40
-90
91
72
-91
-21
20
-1
72
-28
-115
67
83
-58
-18
-14
-17
98
-3
-126
36
77
-26
2
-39
-44
110
28
-120
7
56
-4
33
-50
-77
104
55
-99
-11
23
3
67
-43
-105
84
72
-67
-14
-12
-7
97
-22
-121
54
72
-33
0
-41
-31
114
8
-121
23
55
-7
27
-58
-62
114
37
-104
0
26
6
61
-57
-92
98
58
-75
-9
-10
3
93
-40
-113
70
64
-41
-2
-42
-17
115
-13
-119
38
53
-10
22
-63
-46
121
18
-107
11
27
9
54
-69
-77
0
119
-44
-61
32
1
35
3
-100
45
105
-90
-54
77
4
-7
-11
-58
69
65
-120
-18
110
-24
-44
8
-16
59
18
-117
31
113
-71
-55
50
4
22
-12
-84
67
84
-111
-33
91
-9
-21
-9
-38
75
37
-125
13
111
-48
-47
23
-5
50
-4
-106
58
97
-95
-41
67
0
7
-19
-63
82
57
-124
-5
100
-28
-31
-1
-21
73
10
-121
43
104
-73
-42
39
0
36
-21
-88
80
75
-114
-20
81
-11
-7
-20
-42
88
28
-128
25
101
-50
-34
11
-7
63
-14
-109
70
87
-96
-29
56
-2
20
-30
-66
94
47
-125
6
89
-28
-17
-13
-23
85
-1
-122
55
92
-73
-30
27
0
49
-32
-89
92
64
-113
-9
69
-11
6
-32
-43
100
17
-128
36
89
-49
-22
-1
-7
76
-26
-109
81
76
-94
-18
42
-1
33
-43
-66
106
35
-124
17
76
-26
-6
-26
-22
97
-13
-121
65
80
-71
-19
13
2
61
-45
-88
102
52
-110
1
55
-8
17
-45
-41
110
5
-125
45
75
-45
-12
-15
-5
86
-38
-106
90
63
-90
-9
28
3
43
-56
-63
115
23
-119
25
62
-21
4
0
104
-12
31
-51
-99
81
30
21
31
-124
-8
62
3
80
-57
-97
48
-3
66
48
-118
-11
6
9
114
-50
-74
10
-41
93
58
-88
-5
-51
8
125
-34
-32
-24
-76
100
55
-42
9
-97
0
110
-15
20
-47
-98
85
36
11
28
-122
-8
72
0
71
-56
-100
55
5
57
46
-121
-12
18
8
109
-51
-81
18
-33
89
58
-96
-7
-40
8
125
-36
-42
-17
-70
99
58
-52
5
-88
1
116
-18
9
-43
-95
89
42
0
24
-118
-8
81
-2
61
-55
-102
61
13
48
44
-123
-12
30
7
103
-52
-87
25
-25
83
58
-102
-10
-28
7
124
-39
-51
-11
-64
98
60
-62
2
-80
1
120
-21
-2
-38
-92
92
47
-11
21
-114
-7
90
-5
51
-52
-103
67
20
39
41
-124
-13
42
5
96
-52
-93
33
-18
77
57
-108
-12
-16
7
122
-41
-61
-4
-57
96
62
-71
-1
-70
1
123
-24
-13
-33
-88
94
52
-21
17
-108
-7
98
-7
41
-50
-104
73
27
29
38
-124
-13
53
4
88
-52
-97
40
-9
70
56
-113
-13
-4
6
119
-43
-69
4
-49
93
63
-80
0
107
-22
10
-54
-68
116
20
-34
-6
-89
67
87
-62
-4
-57
-4
127
-37
-47
-9
-47
109
31
-93
4
-36
49
95
-94
-33
8
-5
110
-39
-93
34
-10
71
34
-125
9
29
19
76
-97
-56
70
1
62
-30
-114
65
34
16
26
-121
8
87
-12
33
-74
-65
110
11
-5
-15
-102
75
71
-42
7
-82
3
121
-36
-22
-31
-55
118
22
-70
1
-60
63
91
-86
-19
-21
-1
121
-45
-74
17
-26
93
29
-115
11
1
35
84
-103
-44
45
-1
86
-41
-106
57
14
42
27
-127
14
63
1
52
-90
-59
97
4
25
-26
-109
78
54
-19
14
-103
11
109
-30
2
-53
-57
121
13
-43
-7
-80
75
81
-72
-6
-50
5
124
-48
-51
-4
-38
110
21
-99
9
-27
52
86
-102
-30
17
1
104
-50
-93
44
-4
68
24
-127
18
36
17
66
-103
-49
78
0
53
-38
-109
75
35
8
18
-118
19
91
-19
24
-74
-55
116
5
-13
-18
-94
84
68
-52
3
-76
13
120
-46
-27
-27
-45
120
12
-77
3
-51
68
83
-95
-17
-13
0
109
-35
-9
-42
-27
126
-29
-80
25
-13
78
5
-125
49
45
0
19
-106
25
106
-53
-14
-35
-7
121
-53
-76
40
-4
71
-18
-117
70
42
-12
6
-98
48
97
-72
-15
-25
9
110
-75
-67
55
0
60
-37
-104
91
35
-25
-3
-86
68
83
-89
-10
-13
22
95
-95
-53
69
0
47
-52
-87
107
22
-37
-7
-70
84
64
-103
0
0
29
77
-109
-33
81
-6
33
-62
-66
120
5
-48
-6
-53
94
41
-113
13
11
32
56
-118
-11
89
-15
19
-66
-43
127
-16
-55
0
-36
99
16
-117
31
20
29
36
-121
14
93
-29
8
-65
-19
128
-38
-59
10
-21
97
-8
-116
50
25
22
17
-118
38
90
-44
0
-59
3
122
-61
-57
22
-9
91
-32
-109
70
25
12
1
-110
62
82
-61
-4
-49
22
111
-83
-49
35
-1
80
-53
-96
88
20
0
-11
-96
82
68
-76
-2
-37
37
95
-101
-36
49
2
66
-69
-78
104
10
-12
-18
-80
98
50
-90
4
-23
47
76
-116
-19
60
0
50
-81
-56
116
-5
-24
-20
-61
109
27
-99
14
-11
52
54
-125
2
68
-6
0
111
-52
-21
-14
5
96
-84
-62
100
-9
-9
-31
-38
118
-27
-99
63
13
18
-19
-88
102
37
-100
20
5
39
21
-120
53
83
-70
-5
-22
34
74
-116
-11
94
-29
-2
-47
-2
116
-76
-64
73
-1
25
-49
-57
125
-15
-85
36
-1
53
-18
-106
95
42
-73
6
-25
62
36
-128
39
72
-39
1
-57
39
92
-110
-19
69
-9
24
-74
-13
125
-62
-57
40
0
59
-59
-73
120
-3
-62
10
-20
83
-12
-117
81
40
-39
-2
-57
77
51
-125
25
53
-9
14
-88
36
103
-95
-22
36
7
52
-92
-25
123
-44
-42
6
-6
89
-60
-84
105
5
-31
-12
-43
103
-1
-116
60
30
-3
-4
-86
81
62
-110
12
25
18
31
-110
28
104
-73
-18
-1
15
78
-99
-37
110
-26
-19
-25
-17
112
-54
-87
82
7
5
-27
-66
113
10
-105
38
12
32
1
-109
77
67
-86
3
-8
40
51
-122
16
95
-47
-7
-37
17
100
-97
-44
86
-11
11
-51
-32
125
-42
-81
53
3
41
-35
-87
112
20
-83
17
-12
61
11
-123
65
64
-56
0
-43
53
69
-123
4
75
-21
11
-69
12
115
-86
-45
55
-1
43
-69
-48
127
0
92
-6
54
-108
-30
38
13
103
-84
-32
-28
-3
124
-39
3
-75
-39
101
-5
61
-82
-63
44
-3
112
-54
-52
-17
-33
128
-16
-4
-53
-73
99
3
60
-50
-92
44
-13
109
-19
-70
-7
-57
119
12
-14
-29
-100
88
15
53
-14
-113
37
-18
96
20
-83
-1
-72
98
42
-22
-6
-116
65
31
41
21
-124
23
-17
75
57
-88
0
-78
69
72
-28
13
-121
35
47
27
52
-122
2
-11
48
89
-84
-4
-75
33
96
-28
26
-113
-1
61
14
75
-109
-23
-2
20
112
-70
-12
-64
-5
113
-22
33
-95
-38
71
4
89
-85
-50
6
-6
124
-46
-24
-49
-41
118
-10
32
-70
-73
73
-1
92
-52
-75
12
-27
124
-16
-37
-32
-71
113
9
27
-39
-102
67
-1
86
-14
-95
14
-42
112
19
-48
-15
-93
95
30
18
-8
-121
51
5
72
25
-107
10
-49
89
54
-55
-2
-104
68
53
9
21
-128
28
14
53
60
-109
1
-49
59
86
-56
7
-104
33
74
1
44
-123
-2
24
32
89
-99
-14
-43
25
110
-49
9
-94
-6
90
-4
59
-106
-34
0
95
-16
33
-111
1
73
2
48
-121
3
47
22
59
-123
3
18
40
66
-118
3
-12
56
69
-105
2
-40
70
68
-86
1
-66
79
62
-62
-2
-88
84
53
-33
-5
-104
84
42
-3
-8
-114
78
28
28
-12
-116
68
13
57
-15
-112
53
-3
83
-18
-101
34
-17
104
-20
-83
13
-30
119
-20
-61
-10
-40
126
-19
-36
-32
-47
126
-16
-9
-53
-51
118
-12
19
-71
-52
103
-7
45
-85
-50
81
0
68
-94
-45
55
7
86
-98
-37
25
15
99
-95
-27
-7
22
106
-87
-17
-38
28
106
-73
-6
-67
34
100
-54
5
-91
37
88
-32
15
-111
38
70
-7
23
-123
37
49
19
29
-128
33
25
44
33
-125
27
0
66
35
-115
19
-24
85
34
-97
8
-47
99
31
-74
-3
-67
107
27
-46
-15
-81
109
21
-15
-26
-91
104
15
16
-37
-95
92
8
47
-46
-93
75
1
74
-52
-86
53
-4
97
-55
-73
27
-9
114
-55
-57
-1
-13
124
-52
-37
-29
-15
126
-45
-16
-56
-16
121
-35
6
-79
-16
108
-22
27
-98
-15
89
-7
46
-111
-12
64
9
62
-117
-10
36
25
73
-117
-7
6
40
80
-109
-4
-25
53
81
-94
-2
-54
63
78
-73
0
-79
70
70
-48
1
-100
72
58
-20
1
-114
70
43
10
1
-121
64
26
40
0
-121
53
7
67
-2
-113
39
-11
90
-3
-99
22
-28
108
-5
0
97
-30
14
-99
42
83
-46
2
-89
78
57
-60
-4
-70
105
22
-68
-3
-45
119
-18
-66
3
-20
119
-57
-55
13
3
105
-92
-34
23
20
80
-116
-4
30
30
48
-128
30
32
31
14
-124
64
27
26
-18
-106
93
14
17
-44
-77
113
-7
7
-61
-39
121
-32
-1
-67
1
115
-58
-5
-64
39
95
-80
-2
-54
70
63
-95
7
-38
91
23
-100
22
-22
99
-20
-93
38
-8
95
-60
-73
54
1
80
-92
-42
65
4
59
-113
-4
69
0
33
-120
36
63
-8
9
-114
74
47
-18
-12
-94
105
21
-28
-25
-66
123
-11
-33
-31
-32
128
-46
-31
-29
2
118
-78
-22
-22
31
94
-104
-5
-12
53
60
-119
18
-2
65
21
-120
44
4
66
-19
-107
69
4
59
-54
-81
89
-2
46
-81
-45
100
-14
30
-96
-4
99
-30
15
-98
39
85
-47
3
-89
76
60
-61
-3
-70
103
26
-69
-2
-47
118
-14
-68
4
-21
119
-54
-57
13
1
106
-90
-36
24
19
82
-115
-7
32
28
50
-127
27
34
30
16
-125
62
29
25
-16
-108
92
15
16
-42
-79
113
-5
6
-59
-43
122
-30
-2
-66
-2
116
-56
-5
-63
36
97
-80
-2
-53
67
66
-96
7
-38
89
0
99
-47
2
-71
74
54
-101
20
-14
83
-30
-95
83
-1
33
-77
-24
116
-52
-6
-52
50
75
-112
18
1
61
-6
-112
87
9
14
-53
-44
126
-48
-22
-29
27
91
-115
7
21
37
13
-121
82
26
-9
-30
-59
127
-36
-43
-6
8
98
-108
-11
44
15
27
-121
68
47
-33
-13
-65
120
-17
-67
15
-4
97
-94
-33
68
-1
32
-112
48
71
-53
-2
-63
104
6
-90
31
-7
87
-73
-57
87
-11
28
-96
25
94
-67
0
-52
83
30
-109
38
-2
70
-50
-80
100
-11
15
-74
1
112
-74
-7
-34
60
52
-121
37
12
48
-26
-97
106
-3
-4
-51
-20
124
-71
-22
-11
36
69
-125
28
31
24
-6
-107
102
14
-26
-28
-36
126
-60
-43
12
17
78
-120
10
55
2
9
-109
89
35
-50
-10
-43
120
-42
-66
34
4
78
-107
-12
78
-15
15
-101
71
59
-71
2
-42
106
-19
-90
50
-1
69
-87
-36
98
-25
12
-86
47
82
-86
5
-32
85
5
-109
59
4
53
-64
-59
113
-27
1
-65
23
101
-94
-1
-15
62
28
-123
59
16
31
-40
-77
119
-20
-17
-42
2
114
